(kicad_pcb (version 20171130) (host pcbnew "(5.0.0)")

  (general
    (thickness 1.6)
    (drawings 4)
    (tracks 0)
    (zones 0)
    (modules 115)
    (nets 106)
  )

  (page A4)
  (layers
    (0 F.Cu signal)
    (31 B.Cu signal)
    (32 B.Adhes user)
    (33 F.Adhes user)
    (34 B.Paste user)
    (35 F.Paste user)
    (36 B.SilkS user)
    (37 F.SilkS user)
    (38 B.Mask user)
    (39 F.Mask user)
    (40 Dwgs.User user hide)
    (41 Cmts.User user)
    (42 Eco1.User user)
    (43 Eco2.User user)
    (44 Edge.Cuts user)
    (45 Margin user)
    (46 B.CrtYd user hide)
    (47 F.CrtYd user)
    (48 B.Fab user hide)
    (49 F.Fab user hide)
  )

  (setup
    (last_trace_width 0.25)
    (trace_clearance 0.2)
    (zone_clearance 0.508)
    (zone_45_only no)
    (trace_min 0.2)
    (segment_width 0.2)
    (edge_width 0.1)
    (via_size 0.8)
    (via_drill 0.4)
    (via_min_size 0.4)
    (via_min_drill 0.3)
    (uvia_size 0.3)
    (uvia_drill 0.1)
    (uvias_allowed no)
    (uvia_min_size 0.2)
    (uvia_min_drill 0.1)
    (pcb_text_width 0.3)
    (pcb_text_size 1.5 1.5)
    (mod_edge_width 0.15)
    (mod_text_size 1 1)
    (mod_text_width 0.15)
    (pad_size 1.5 1.5)
    (pad_drill 0.6)
    (pad_to_mask_clearance 0)
    (aux_axis_origin 0 0)
    (visible_elements 7FFFFFFF)
    (pcbplotparams
      (layerselection 0x010fc_ffffffff)
      (usegerberextensions false)
      (usegerberattributes false)
      (usegerberadvancedattributes false)
      (creategerberjobfile false)
      (excludeedgelayer true)
      (linewidth 0.100000)
      (plotframeref false)
      (viasonmask false)
      (mode 1)
      (useauxorigin false)
      (hpglpennumber 1)
      (hpglpenspeed 20)
      (hpglpendiameter 15.000000)
      (psnegative false)
      (psa4output false)
      (plotreference true)
      (plotvalue true)
      (plotinvisibletext false)
      (padsonsilk false)
      (subtractmaskfromsilk false)
      (outputformat 1)
      (mirror false)
      (drillshape 1)
      (scaleselection 1)
      (outputdirectory ""))
  )

  (net 0 "")
  (net 1 +3V3)
  (net 2 /meter_1/~CS)
  (net 3 /meter_1/SDI)
  (net 4 /meter_1/SDO)
  (net 5 /meter_1/SCLK)
  (net 6 /meter_1/IRQ1)
  (net 7 GND)
  (net 8 /meter_1/V1P)
  (net 9 "Net-(J1-Pad5)")
  (net 10 /meter_1/V2P)
  (net 11 /meter_1/V1N)
  (net 12 "Net-(J1-Pad6)")
  (net 13 /meter_1/V2N)
  (net 14 "Net-(IC1-Pad26)")
  (net 15 "Net-(IC1-Pad22)")
  (net 16 "Net-(IC1-Pad23)")
  (net 17 "Net-(IC1-Pad24)")
  (net 18 "Net-(IC1-Pad28)")
  (net 19 "Net-(IC1-Pad27)")
  (net 20 "Net-(IC1-Pad25)")
  (net 21 "Net-(CT1-1-Pad1)")
  (net 22 "Net-(CT1-1-Pad2)")
  (net 23 "Net-(CT2-1-Pad2)")
  (net 24 "Net-(CT2-1-Pad1)")
  (net 25 "Net-(CT3-1-Pad1)")
  (net 26 "Net-(CT3-1-Pad2)")
  (net 27 /meter_1/~RESET)
  (net 28 "Net-(IC1-Pad46)")
  (net 29 "Net-(IC1-Pad45)")
  (net 30 "Net-(IC1-Pad39)")
  (net 31 "Net-(IC1-Pad35)")
  (net 32 "Net-(IC1-Pad30)")
  (net 33 "Net-(IC1-Pad29)")
  (net 34 "Net-(IC1-Pad21)")
  (net 35 "Net-(IC1-Pad20)")
  (net 36 "Net-(IC1-Pad18)")
  (net 37 "Net-(IC1-Pad17)")
  (net 38 "Net-(CT1-1-Pad3)")
  (net 39 "Net-(CT1-1-Pad10)")
  (net 40 "Net-(CT2-1-Pad10)")
  (net 41 "Net-(CT2-1-Pad3)")
  (net 42 "Net-(CT3-1-Pad3)")
  (net 43 "Net-(CT3-1-Pad10)")
  (net 44 "Net-(CF2-PadA)")
  (net 45 "Net-(CF3-PadA)")
  (net 46 "Net-(CF1-PadA)")
  (net 47 "Net-(CF4-PadA)")
  (net 48 "Net-(C8-Pad1)")
  (net 49 "Net-(C4-Pad1)")
  (net 50 "Net-(CT1-2-Pad2)")
  (net 51 "Net-(CT1-2-Pad1)")
  (net 52 "Net-(CT2-2-Pad1)")
  (net 53 "Net-(CT2-2-Pad2)")
  (net 54 "Net-(CT3-2-Pad2)")
  (net 55 "Net-(CT3-2-Pad1)")
  (net 56 "Net-(C22-Pad1)")
  (net 57 "Net-(CF7-PadA)")
  (net 58 /meter_2/IRQ1)
  (net 59 "Net-(IC2-Pad29)")
  (net 60 "Net-(CF6-PadA)")
  (net 61 "Net-(CF5-PadA)")
  (net 62 "Net-(IC2-Pad25)")
  (net 63 "Net-(C26-Pad1)")
  (net 64 /meter_2/~CS)
  (net 65 "Net-(IC2-Pad39)")
  (net 66 "Net-(IC2-Pad26)")
  (net 67 "Net-(IC2-Pad27)")
  (net 68 "Net-(IC2-Pad28)")
  (net 69 "Net-(IC2-Pad22)")
  (net 70 "Net-(IC2-Pad23)")
  (net 71 "Net-(IC2-Pad24)")
  (net 72 "Net-(IC2-Pad17)")
  (net 73 "Net-(IC2-Pad18)")
  (net 74 "Net-(IC2-Pad20)")
  (net 75 "Net-(IC2-Pad21)")
  (net 76 "Net-(IC2-Pad30)")
  (net 77 "Net-(IC2-Pad35)")
  (net 78 "Net-(IC2-Pad45)")
  (net 79 "Net-(IC2-Pad46)")
  (net 80 "Net-(CT1-2-Pad3)")
  (net 81 "Net-(CT1-2-Pad10)")
  (net 82 "Net-(CT2-2-Pad3)")
  (net 83 "Net-(CT2-2-Pad10)")
  (net 84 "Net-(CT3-2-Pad10)")
  (net 85 "Net-(CT3-2-Pad3)")
  (net 86 /meter_1/I3N)
  (net 87 /meter_1/I3P)
  (net 88 /meter_1/I2N)
  (net 89 /meter_2/I1P)
  (net 90 /meter_1/I1P)
  (net 91 /meter_2/I2P)
  (net 92 /meter_1/I2P)
  (net 93 /meter_2/I3N)
  (net 94 /meter_2/I3P)
  (net 95 /meter_2/I2N)
  (net 96 /meter_2/I1N)
  (net 97 /meter_1/I1N)
  (net 98 "Net-(C32-Pad1)")
  (net 99 "Net-(C14-Pad1)")
  (net 100 /meter_2/1.8VDD)
  (net 101 /meter_1/1.8VDD)
  (net 102 "Net-(C13-Pad1)")
  (net 103 "Net-(C31-Pad1)")
  (net 104 "Net-(C30-Pad1)")
  (net 105 "Net-(C12-Pad1)")

  (net_class Default "This is the default net class."
    (clearance 0.2)
    (trace_width 0.25)
    (via_dia 0.8)
    (via_drill 0.4)
    (uvia_dia 0.3)
    (uvia_drill 0.1)
    (add_net +3V3)
    (add_net /meter_1/1.8VDD)
    (add_net /meter_1/I1N)
    (add_net /meter_1/I1P)
    (add_net /meter_1/I2N)
    (add_net /meter_1/I2P)
    (add_net /meter_1/I3N)
    (add_net /meter_1/I3P)
    (add_net /meter_1/IRQ1)
    (add_net /meter_1/SCLK)
    (add_net /meter_1/SDI)
    (add_net /meter_1/SDO)
    (add_net /meter_1/V1N)
    (add_net /meter_1/V1P)
    (add_net /meter_1/V2N)
    (add_net /meter_1/V2P)
    (add_net /meter_1/~CS)
    (add_net /meter_1/~RESET)
    (add_net /meter_2/1.8VDD)
    (add_net /meter_2/I1N)
    (add_net /meter_2/I1P)
    (add_net /meter_2/I2N)
    (add_net /meter_2/I2P)
    (add_net /meter_2/I3N)
    (add_net /meter_2/I3P)
    (add_net /meter_2/IRQ1)
    (add_net /meter_2/~CS)
    (add_net GND)
    (add_net "Net-(C12-Pad1)")
    (add_net "Net-(C13-Pad1)")
    (add_net "Net-(C14-Pad1)")
    (add_net "Net-(C22-Pad1)")
    (add_net "Net-(C26-Pad1)")
    (add_net "Net-(C30-Pad1)")
    (add_net "Net-(C31-Pad1)")
    (add_net "Net-(C32-Pad1)")
    (add_net "Net-(C4-Pad1)")
    (add_net "Net-(C8-Pad1)")
    (add_net "Net-(CF1-PadA)")
    (add_net "Net-(CF2-PadA)")
    (add_net "Net-(CF3-PadA)")
    (add_net "Net-(CF4-PadA)")
    (add_net "Net-(CF5-PadA)")
    (add_net "Net-(CF6-PadA)")
    (add_net "Net-(CF7-PadA)")
    (add_net "Net-(CT1-1-Pad1)")
    (add_net "Net-(CT1-1-Pad10)")
    (add_net "Net-(CT1-1-Pad2)")
    (add_net "Net-(CT1-1-Pad3)")
    (add_net "Net-(CT1-2-Pad1)")
    (add_net "Net-(CT1-2-Pad10)")
    (add_net "Net-(CT1-2-Pad2)")
    (add_net "Net-(CT1-2-Pad3)")
    (add_net "Net-(CT2-1-Pad1)")
    (add_net "Net-(CT2-1-Pad10)")
    (add_net "Net-(CT2-1-Pad2)")
    (add_net "Net-(CT2-1-Pad3)")
    (add_net "Net-(CT2-2-Pad1)")
    (add_net "Net-(CT2-2-Pad10)")
    (add_net "Net-(CT2-2-Pad2)")
    (add_net "Net-(CT2-2-Pad3)")
    (add_net "Net-(CT3-1-Pad1)")
    (add_net "Net-(CT3-1-Pad10)")
    (add_net "Net-(CT3-1-Pad2)")
    (add_net "Net-(CT3-1-Pad3)")
    (add_net "Net-(CT3-2-Pad1)")
    (add_net "Net-(CT3-2-Pad10)")
    (add_net "Net-(CT3-2-Pad2)")
    (add_net "Net-(CT3-2-Pad3)")
    (add_net "Net-(IC1-Pad17)")
    (add_net "Net-(IC1-Pad18)")
    (add_net "Net-(IC1-Pad20)")
    (add_net "Net-(IC1-Pad21)")
    (add_net "Net-(IC1-Pad22)")
    (add_net "Net-(IC1-Pad23)")
    (add_net "Net-(IC1-Pad24)")
    (add_net "Net-(IC1-Pad25)")
    (add_net "Net-(IC1-Pad26)")
    (add_net "Net-(IC1-Pad27)")
    (add_net "Net-(IC1-Pad28)")
    (add_net "Net-(IC1-Pad29)")
    (add_net "Net-(IC1-Pad30)")
    (add_net "Net-(IC1-Pad35)")
    (add_net "Net-(IC1-Pad39)")
    (add_net "Net-(IC1-Pad45)")
    (add_net "Net-(IC1-Pad46)")
    (add_net "Net-(IC2-Pad17)")
    (add_net "Net-(IC2-Pad18)")
    (add_net "Net-(IC2-Pad20)")
    (add_net "Net-(IC2-Pad21)")
    (add_net "Net-(IC2-Pad22)")
    (add_net "Net-(IC2-Pad23)")
    (add_net "Net-(IC2-Pad24)")
    (add_net "Net-(IC2-Pad25)")
    (add_net "Net-(IC2-Pad26)")
    (add_net "Net-(IC2-Pad27)")
    (add_net "Net-(IC2-Pad28)")
    (add_net "Net-(IC2-Pad29)")
    (add_net "Net-(IC2-Pad30)")
    (add_net "Net-(IC2-Pad35)")
    (add_net "Net-(IC2-Pad39)")
    (add_net "Net-(IC2-Pad45)")
    (add_net "Net-(IC2-Pad46)")
    (add_net "Net-(J1-Pad5)")
    (add_net "Net-(J1-Pad6)")
  )

  (module Capacitor_SMD:C_0603_1608Metric_Pad1.05x0.95mm_HandSolder (layer F.Cu) (tedit 5B301BBE) (tstamp 5F4ADA4E)
    (at 75 112.75 180)
    (descr "Capacitor SMD 0603 (1608 Metric), square (rectangular) end terminal, IPC_7351 nominal with elongated pad for handsoldering. (Body size source: http://www.tortai-tech.com/upload/download/2011102023233369053.pdf), generated with kicad-footprint-generator")
    (tags "capacitor handsolder")
    (path /5F53F374/5F4945D2)
    (attr smd)
    (fp_text reference C30 (at 0 -1.43 180) (layer F.SilkS)
      (effects (font (size 1 1) (thickness 0.15)))
    )
    (fp_text value 18nF (at 0 1.43 180) (layer F.Fab)
      (effects (font (size 1 1) (thickness 0.15)))
    )
    (fp_text user %R (at 0 0 180) (layer F.Fab)
      (effects (font (size 0.4 0.4) (thickness 0.06)))
    )
    (fp_line (start 1.65 0.73) (end -1.65 0.73) (layer F.CrtYd) (width 0.05))
    (fp_line (start 1.65 -0.73) (end 1.65 0.73) (layer F.CrtYd) (width 0.05))
    (fp_line (start -1.65 -0.73) (end 1.65 -0.73) (layer F.CrtYd) (width 0.05))
    (fp_line (start -1.65 0.73) (end -1.65 -0.73) (layer F.CrtYd) (width 0.05))
    (fp_line (start -0.171267 0.51) (end 0.171267 0.51) (layer F.SilkS) (width 0.12))
    (fp_line (start -0.171267 -0.51) (end 0.171267 -0.51) (layer F.SilkS) (width 0.12))
    (fp_line (start 0.8 0.4) (end -0.8 0.4) (layer F.Fab) (width 0.1))
    (fp_line (start 0.8 -0.4) (end 0.8 0.4) (layer F.Fab) (width 0.1))
    (fp_line (start -0.8 -0.4) (end 0.8 -0.4) (layer F.Fab) (width 0.1))
    (fp_line (start -0.8 0.4) (end -0.8 -0.4) (layer F.Fab) (width 0.1))
    (pad 2 smd roundrect (at 0.875 0 180) (size 1.05 0.95) (layers F.Cu F.Paste F.Mask) (roundrect_rratio 0.25)
      (net 7 GND))
    (pad 1 smd roundrect (at -0.875 0 180) (size 1.05 0.95) (layers F.Cu F.Paste F.Mask) (roundrect_rratio 0.25)
      (net 104 "Net-(C30-Pad1)"))
    (model ${KISYS3DMOD}/Capacitor_SMD.3dshapes/C_0603_1608Metric.wrl
      (at (xyz 0 0 0))
      (scale (xyz 1 1 1))
      (rotate (xyz 0 0 0))
    )
  )

  (module Capacitor_SMD:C_0603_1608Metric_Pad1.05x0.95mm_HandSolder (layer F.Cu) (tedit 5B301BBE) (tstamp 5F4AE3EE)
    (at 66 107 180)
    (descr "Capacitor SMD 0603 (1608 Metric), square (rectangular) end terminal, IPC_7351 nominal with elongated pad for handsoldering. (Body size source: http://www.tortai-tech.com/upload/download/2011102023233369053.pdf), generated with kicad-footprint-generator")
    (tags "capacitor handsolder")
    (path /5F53F374/5F52FAE0)
    (attr smd)
    (fp_text reference C32 (at 0 -1.43 180) (layer F.SilkS)
      (effects (font (size 1 1) (thickness 0.15)))
    )
    (fp_text value 0.1uF (at 0 1.43 180) (layer F.Fab)
      (effects (font (size 1 1) (thickness 0.15)))
    )
    (fp_line (start -0.8 0.4) (end -0.8 -0.4) (layer F.Fab) (width 0.1))
    (fp_line (start -0.8 -0.4) (end 0.8 -0.4) (layer F.Fab) (width 0.1))
    (fp_line (start 0.8 -0.4) (end 0.8 0.4) (layer F.Fab) (width 0.1))
    (fp_line (start 0.8 0.4) (end -0.8 0.4) (layer F.Fab) (width 0.1))
    (fp_line (start -0.171267 -0.51) (end 0.171267 -0.51) (layer F.SilkS) (width 0.12))
    (fp_line (start -0.171267 0.51) (end 0.171267 0.51) (layer F.SilkS) (width 0.12))
    (fp_line (start -1.65 0.73) (end -1.65 -0.73) (layer F.CrtYd) (width 0.05))
    (fp_line (start -1.65 -0.73) (end 1.65 -0.73) (layer F.CrtYd) (width 0.05))
    (fp_line (start 1.65 -0.73) (end 1.65 0.73) (layer F.CrtYd) (width 0.05))
    (fp_line (start 1.65 0.73) (end -1.65 0.73) (layer F.CrtYd) (width 0.05))
    (fp_text user %R (at 0 0 180) (layer F.Fab)
      (effects (font (size 0.4 0.4) (thickness 0.06)))
    )
    (pad 1 smd roundrect (at -0.875 0 180) (size 1.05 0.95) (layers F.Cu F.Paste F.Mask) (roundrect_rratio 0.25)
      (net 98 "Net-(C32-Pad1)"))
    (pad 2 smd roundrect (at 0.875 0 180) (size 1.05 0.95) (layers F.Cu F.Paste F.Mask) (roundrect_rratio 0.25)
      (net 7 GND))
    (model ${KISYS3DMOD}/Capacitor_SMD.3dshapes/C_0603_1608Metric.wrl
      (at (xyz 0 0 0))
      (scale (xyz 1 1 1))
      (rotate (xyz 0 0 0))
    )
  )

  (module Capacitor_SMD:C_0603_1608Metric_Pad1.05x0.95mm_HandSolder (layer F.Cu) (tedit 5B301BBE) (tstamp 5F4B4C96)
    (at 70 58 90)
    (descr "Capacitor SMD 0603 (1608 Metric), square (rectangular) end terminal, IPC_7351 nominal with elongated pad for handsoldering. (Body size source: http://www.tortai-tech.com/upload/download/2011102023233369053.pdf), generated with kicad-footprint-generator")
    (tags "capacitor handsolder")
    (path /5F53F374/5F494E6B)
    (attr smd)
    (fp_text reference C38 (at 0 -1.43 90) (layer F.SilkS)
      (effects (font (size 1 1) (thickness 0.15)))
    )
    (fp_text value 0.1uF (at 0 1.43 90) (layer F.Fab)
      (effects (font (size 1 1) (thickness 0.15)))
    )
    (fp_text user %R (at 0 0 90) (layer F.Fab)
      (effects (font (size 0.4 0.4) (thickness 0.06)))
    )
    (fp_line (start 1.65 0.73) (end -1.65 0.73) (layer F.CrtYd) (width 0.05))
    (fp_line (start 1.65 -0.73) (end 1.65 0.73) (layer F.CrtYd) (width 0.05))
    (fp_line (start -1.65 -0.73) (end 1.65 -0.73) (layer F.CrtYd) (width 0.05))
    (fp_line (start -1.65 0.73) (end -1.65 -0.73) (layer F.CrtYd) (width 0.05))
    (fp_line (start -0.171267 0.51) (end 0.171267 0.51) (layer F.SilkS) (width 0.12))
    (fp_line (start -0.171267 -0.51) (end 0.171267 -0.51) (layer F.SilkS) (width 0.12))
    (fp_line (start 0.8 0.4) (end -0.8 0.4) (layer F.Fab) (width 0.1))
    (fp_line (start 0.8 -0.4) (end 0.8 0.4) (layer F.Fab) (width 0.1))
    (fp_line (start -0.8 -0.4) (end 0.8 -0.4) (layer F.Fab) (width 0.1))
    (fp_line (start -0.8 0.4) (end -0.8 -0.4) (layer F.Fab) (width 0.1))
    (pad 2 smd roundrect (at 0.875 0 90) (size 1.05 0.95) (layers F.Cu F.Paste F.Mask) (roundrect_rratio 0.25)
      (net 7 GND))
    (pad 1 smd roundrect (at -0.875 0 90) (size 1.05 0.95) (layers F.Cu F.Paste F.Mask) (roundrect_rratio 0.25)
      (net 1 +3V3))
    (model ${KISYS3DMOD}/Capacitor_SMD.3dshapes/C_0603_1608Metric.wrl
      (at (xyz 0 0 0))
      (scale (xyz 1 1 1))
      (rotate (xyz 0 0 0))
    )
  )

  (module Capacitor_SMD:C_0603_1608Metric_Pad1.05x0.95mm_HandSolder (layer F.Cu) (tedit 5B301BBE) (tstamp 5F4AD9DE)
    (at 70 95 90)
    (descr "Capacitor SMD 0603 (1608 Metric), square (rectangular) end terminal, IPC_7351 nominal with elongated pad for handsoldering. (Body size source: http://www.tortai-tech.com/upload/download/2011102023233369053.pdf), generated with kicad-footprint-generator")
    (tags "capacitor handsolder")
    (path /5F53F374/5F494128)
    (attr smd)
    (fp_text reference C39 (at 0 -1.43 90) (layer F.SilkS)
      (effects (font (size 1 1) (thickness 0.15)))
    )
    (fp_text value 0.1uF (at 0 1.43 90) (layer F.Fab)
      (effects (font (size 1 1) (thickness 0.15)))
    )
    (fp_line (start -0.8 0.4) (end -0.8 -0.4) (layer F.Fab) (width 0.1))
    (fp_line (start -0.8 -0.4) (end 0.8 -0.4) (layer F.Fab) (width 0.1))
    (fp_line (start 0.8 -0.4) (end 0.8 0.4) (layer F.Fab) (width 0.1))
    (fp_line (start 0.8 0.4) (end -0.8 0.4) (layer F.Fab) (width 0.1))
    (fp_line (start -0.171267 -0.51) (end 0.171267 -0.51) (layer F.SilkS) (width 0.12))
    (fp_line (start -0.171267 0.51) (end 0.171267 0.51) (layer F.SilkS) (width 0.12))
    (fp_line (start -1.65 0.73) (end -1.65 -0.73) (layer F.CrtYd) (width 0.05))
    (fp_line (start -1.65 -0.73) (end 1.65 -0.73) (layer F.CrtYd) (width 0.05))
    (fp_line (start 1.65 -0.73) (end 1.65 0.73) (layer F.CrtYd) (width 0.05))
    (fp_line (start 1.65 0.73) (end -1.65 0.73) (layer F.CrtYd) (width 0.05))
    (fp_text user %R (at 0 0 90) (layer F.Fab)
      (effects (font (size 0.4 0.4) (thickness 0.06)))
    )
    (pad 1 smd roundrect (at -0.875 0 90) (size 1.05 0.95) (layers F.Cu F.Paste F.Mask) (roundrect_rratio 0.25)
      (net 1 +3V3))
    (pad 2 smd roundrect (at 0.875 0 90) (size 1.05 0.95) (layers F.Cu F.Paste F.Mask) (roundrect_rratio 0.25)
      (net 7 GND))
    (model ${KISYS3DMOD}/Capacitor_SMD.3dshapes/C_0603_1608Metric.wrl
      (at (xyz 0 0 0))
      (scale (xyz 1 1 1))
      (rotate (xyz 0 0 0))
    )
  )

  (module Capacitor_SMD:C_0603_1608Metric_Pad1.05x0.95mm_HandSolder (layer F.Cu) (tedit 5B301BBE) (tstamp 5F4AD93E)
    (at 74.75 76.75 180)
    (descr "Capacitor SMD 0603 (1608 Metric), square (rectangular) end terminal, IPC_7351 nominal with elongated pad for handsoldering. (Body size source: http://www.tortai-tech.com/upload/download/2011102023233369053.pdf), generated with kicad-footprint-generator")
    (tags "capacitor handsolder")
    (path /5F4280A7/5F4945D2)
    (attr smd)
    (fp_text reference C12 (at 0 -1.43 180) (layer F.SilkS)
      (effects (font (size 1 1) (thickness 0.15)))
    )
    (fp_text value 18nF (at 0 1.43 180) (layer F.Fab)
      (effects (font (size 1 1) (thickness 0.15)))
    )
    (fp_text user %R (at 0 0 180) (layer F.Fab)
      (effects (font (size 0.4 0.4) (thickness 0.06)))
    )
    (fp_line (start 1.65 0.73) (end -1.65 0.73) (layer F.CrtYd) (width 0.05))
    (fp_line (start 1.65 -0.73) (end 1.65 0.73) (layer F.CrtYd) (width 0.05))
    (fp_line (start -1.65 -0.73) (end 1.65 -0.73) (layer F.CrtYd) (width 0.05))
    (fp_line (start -1.65 0.73) (end -1.65 -0.73) (layer F.CrtYd) (width 0.05))
    (fp_line (start -0.171267 0.51) (end 0.171267 0.51) (layer F.SilkS) (width 0.12))
    (fp_line (start -0.171267 -0.51) (end 0.171267 -0.51) (layer F.SilkS) (width 0.12))
    (fp_line (start 0.8 0.4) (end -0.8 0.4) (layer F.Fab) (width 0.1))
    (fp_line (start 0.8 -0.4) (end 0.8 0.4) (layer F.Fab) (width 0.1))
    (fp_line (start -0.8 -0.4) (end 0.8 -0.4) (layer F.Fab) (width 0.1))
    (fp_line (start -0.8 0.4) (end -0.8 -0.4) (layer F.Fab) (width 0.1))
    (pad 2 smd roundrect (at 0.875 0 180) (size 1.05 0.95) (layers F.Cu F.Paste F.Mask) (roundrect_rratio 0.25)
      (net 7 GND))
    (pad 1 smd roundrect (at -0.875 0 180) (size 1.05 0.95) (layers F.Cu F.Paste F.Mask) (roundrect_rratio 0.25)
      (net 105 "Net-(C12-Pad1)"))
    (model ${KISYS3DMOD}/Capacitor_SMD.3dshapes/C_0603_1608Metric.wrl
      (at (xyz 0 0 0))
      (scale (xyz 1 1 1))
      (rotate (xyz 0 0 0))
    )
  )

  (module Capacitor_SMD:C_0603_1608Metric_Pad1.05x0.95mm_HandSolder (layer F.Cu) (tedit 5B301BBE) (tstamp 5F4AD90E)
    (at 66 71.25 180)
    (descr "Capacitor SMD 0603 (1608 Metric), square (rectangular) end terminal, IPC_7351 nominal with elongated pad for handsoldering. (Body size source: http://www.tortai-tech.com/upload/download/2011102023233369053.pdf), generated with kicad-footprint-generator")
    (tags "capacitor handsolder")
    (path /5F4280A7/5F52FAE0)
    (attr smd)
    (fp_text reference C14 (at 0.25 1.75 180) (layer F.SilkS)
      (effects (font (size 1 1) (thickness 0.15)))
    )
    (fp_text value 0.1uF (at 0 1.43 180) (layer F.Fab)
      (effects (font (size 1 1) (thickness 0.15)))
    )
    (fp_line (start -0.8 0.4) (end -0.8 -0.4) (layer F.Fab) (width 0.1))
    (fp_line (start -0.8 -0.4) (end 0.8 -0.4) (layer F.Fab) (width 0.1))
    (fp_line (start 0.8 -0.4) (end 0.8 0.4) (layer F.Fab) (width 0.1))
    (fp_line (start 0.8 0.4) (end -0.8 0.4) (layer F.Fab) (width 0.1))
    (fp_line (start -0.171267 -0.51) (end 0.171267 -0.51) (layer F.SilkS) (width 0.12))
    (fp_line (start -0.171267 0.51) (end 0.171267 0.51) (layer F.SilkS) (width 0.12))
    (fp_line (start -1.65 0.73) (end -1.65 -0.73) (layer F.CrtYd) (width 0.05))
    (fp_line (start -1.65 -0.73) (end 1.65 -0.73) (layer F.CrtYd) (width 0.05))
    (fp_line (start 1.65 -0.73) (end 1.65 0.73) (layer F.CrtYd) (width 0.05))
    (fp_line (start 1.65 0.73) (end -1.65 0.73) (layer F.CrtYd) (width 0.05))
    (fp_text user %R (at 0 0 180) (layer F.Fab)
      (effects (font (size 0.4 0.4) (thickness 0.06)))
    )
    (pad 1 smd roundrect (at -0.875 0 180) (size 1.05 0.95) (layers F.Cu F.Paste F.Mask) (roundrect_rratio 0.25)
      (net 99 "Net-(C14-Pad1)"))
    (pad 2 smd roundrect (at 0.875 0 180) (size 1.05 0.95) (layers F.Cu F.Paste F.Mask) (roundrect_rratio 0.25)
      (net 7 GND))
    (model ${KISYS3DMOD}/Capacitor_SMD.3dshapes/C_0603_1608Metric.wrl
      (at (xyz 0 0 0))
      (scale (xyz 1 1 1))
      (rotate (xyz 0 0 0))
    )
  )

  (module Capacitor_SMD:C_1206_3216Metric_Pad1.42x1.75mm_HandSolder (layer F.Cu) (tedit 5B301BBE) (tstamp 5F4AD85E)
    (at 76 94.25 90)
    (descr "Capacitor SMD 1206 (3216 Metric), square (rectangular) end terminal, IPC_7351 nominal with elongated pad for handsoldering. (Body size source: http://www.tortai-tech.com/upload/download/2011102023233369053.pdf), generated with kicad-footprint-generator")
    (tags "capacitor handsolder")
    (path /5F53F374/5F52E90A)
    (attr smd)
    (fp_text reference C36 (at 0 -1.82 90) (layer F.SilkS)
      (effects (font (size 1 1) (thickness 0.15)))
    )
    (fp_text value 10uF (at 0 1.82 90) (layer F.Fab)
      (effects (font (size 1 1) (thickness 0.15)))
    )
    (fp_text user %R (at 0 0 90) (layer F.Fab)
      (effects (font (size 0.8 0.8) (thickness 0.12)))
    )
    (fp_line (start 2.45 1.12) (end -2.45 1.12) (layer F.CrtYd) (width 0.05))
    (fp_line (start 2.45 -1.12) (end 2.45 1.12) (layer F.CrtYd) (width 0.05))
    (fp_line (start -2.45 -1.12) (end 2.45 -1.12) (layer F.CrtYd) (width 0.05))
    (fp_line (start -2.45 1.12) (end -2.45 -1.12) (layer F.CrtYd) (width 0.05))
    (fp_line (start -0.602064 0.91) (end 0.602064 0.91) (layer F.SilkS) (width 0.12))
    (fp_line (start -0.602064 -0.91) (end 0.602064 -0.91) (layer F.SilkS) (width 0.12))
    (fp_line (start 1.6 0.8) (end -1.6 0.8) (layer F.Fab) (width 0.1))
    (fp_line (start 1.6 -0.8) (end 1.6 0.8) (layer F.Fab) (width 0.1))
    (fp_line (start -1.6 -0.8) (end 1.6 -0.8) (layer F.Fab) (width 0.1))
    (fp_line (start -1.6 0.8) (end -1.6 -0.8) (layer F.Fab) (width 0.1))
    (pad 2 smd roundrect (at 1.4875 0 90) (size 1.425 1.75) (layers F.Cu F.Paste F.Mask) (roundrect_rratio 0.175439)
      (net 7 GND))
    (pad 1 smd roundrect (at -1.4875 0 90) (size 1.425 1.75) (layers F.Cu F.Paste F.Mask) (roundrect_rratio 0.175439)
      (net 100 /meter_2/1.8VDD))
    (model ${KISYS3DMOD}/Capacitor_SMD.3dshapes/C_1206_3216Metric.wrl
      (at (xyz 0 0 0))
      (scale (xyz 1 1 1))
      (rotate (xyz 0 0 0))
    )
  )

  (module Capacitor_SMD:C_1206_3216Metric_Pad1.42x1.75mm_HandSolder (layer F.Cu) (tedit 5B301BBE) (tstamp 5F4AD84E)
    (at 66 109 180)
    (descr "Capacitor SMD 1206 (3216 Metric), square (rectangular) end terminal, IPC_7351 nominal with elongated pad for handsoldering. (Body size source: http://www.tortai-tech.com/upload/download/2011102023233369053.pdf), generated with kicad-footprint-generator")
    (tags "capacitor handsolder")
    (path /5F53F374/5F52FA52)
    (attr smd)
    (fp_text reference C33 (at 0 -1.82 180) (layer F.SilkS)
      (effects (font (size 1 1) (thickness 0.15)))
    )
    (fp_text value 10uF (at 0 1.82 180) (layer F.Fab)
      (effects (font (size 1 1) (thickness 0.15)))
    )
    (fp_line (start -1.6 0.8) (end -1.6 -0.8) (layer F.Fab) (width 0.1))
    (fp_line (start -1.6 -0.8) (end 1.6 -0.8) (layer F.Fab) (width 0.1))
    (fp_line (start 1.6 -0.8) (end 1.6 0.8) (layer F.Fab) (width 0.1))
    (fp_line (start 1.6 0.8) (end -1.6 0.8) (layer F.Fab) (width 0.1))
    (fp_line (start -0.602064 -0.91) (end 0.602064 -0.91) (layer F.SilkS) (width 0.12))
    (fp_line (start -0.602064 0.91) (end 0.602064 0.91) (layer F.SilkS) (width 0.12))
    (fp_line (start -2.45 1.12) (end -2.45 -1.12) (layer F.CrtYd) (width 0.05))
    (fp_line (start -2.45 -1.12) (end 2.45 -1.12) (layer F.CrtYd) (width 0.05))
    (fp_line (start 2.45 -1.12) (end 2.45 1.12) (layer F.CrtYd) (width 0.05))
    (fp_line (start 2.45 1.12) (end -2.45 1.12) (layer F.CrtYd) (width 0.05))
    (fp_text user %R (at 0 0 180) (layer F.Fab)
      (effects (font (size 0.8 0.8) (thickness 0.12)))
    )
    (pad 1 smd roundrect (at -1.4875 0 180) (size 1.425 1.75) (layers F.Cu F.Paste F.Mask) (roundrect_rratio 0.175439)
      (net 98 "Net-(C32-Pad1)"))
    (pad 2 smd roundrect (at 1.4875 0 180) (size 1.425 1.75) (layers F.Cu F.Paste F.Mask) (roundrect_rratio 0.175439)
      (net 7 GND))
    (model ${KISYS3DMOD}/Capacitor_SMD.3dshapes/C_1206_3216Metric.wrl
      (at (xyz 0 0 0))
      (scale (xyz 1 1 1))
      (rotate (xyz 0 0 0))
    )
  )

  (module Capacitor_SMD:C_1206_3216Metric_Pad1.42x1.75mm_HandSolder (layer F.Cu) (tedit 5B301BBE) (tstamp 5F4AD83E)
    (at 72 94.25 90)
    (descr "Capacitor SMD 1206 (3216 Metric), square (rectangular) end terminal, IPC_7351 nominal with elongated pad for handsoldering. (Body size source: http://www.tortai-tech.com/upload/download/2011102023233369053.pdf), generated with kicad-footprint-generator")
    (tags "capacitor handsolder")
    (path /5F4280A7/5F62393C)
    (attr smd)
    (fp_text reference C19 (at 0 -1.82 90) (layer F.SilkS)
      (effects (font (size 1 1) (thickness 0.15)))
    )
    (fp_text value 10uF (at 0 1.82 90) (layer F.Fab)
      (effects (font (size 1 1) (thickness 0.15)))
    )
    (fp_text user %R (at 0 0 90) (layer F.Fab)
      (effects (font (size 0.8 0.8) (thickness 0.12)))
    )
    (fp_line (start 2.45 1.12) (end -2.45 1.12) (layer F.CrtYd) (width 0.05))
    (fp_line (start 2.45 -1.12) (end 2.45 1.12) (layer F.CrtYd) (width 0.05))
    (fp_line (start -2.45 -1.12) (end 2.45 -1.12) (layer F.CrtYd) (width 0.05))
    (fp_line (start -2.45 1.12) (end -2.45 -1.12) (layer F.CrtYd) (width 0.05))
    (fp_line (start -0.602064 0.91) (end 0.602064 0.91) (layer F.SilkS) (width 0.12))
    (fp_line (start -0.602064 -0.91) (end 0.602064 -0.91) (layer F.SilkS) (width 0.12))
    (fp_line (start 1.6 0.8) (end -1.6 0.8) (layer F.Fab) (width 0.1))
    (fp_line (start 1.6 -0.8) (end 1.6 0.8) (layer F.Fab) (width 0.1))
    (fp_line (start -1.6 -0.8) (end 1.6 -0.8) (layer F.Fab) (width 0.1))
    (fp_line (start -1.6 0.8) (end -1.6 -0.8) (layer F.Fab) (width 0.1))
    (pad 2 smd roundrect (at 1.4875 0 90) (size 1.425 1.75) (layers F.Cu F.Paste F.Mask) (roundrect_rratio 0.175439)
      (net 7 GND))
    (pad 1 smd roundrect (at -1.4875 0 90) (size 1.425 1.75) (layers F.Cu F.Paste F.Mask) (roundrect_rratio 0.175439)
      (net 1 +3V3))
    (model ${KISYS3DMOD}/Capacitor_SMD.3dshapes/C_1206_3216Metric.wrl
      (at (xyz 0 0 0))
      (scale (xyz 1 1 1))
      (rotate (xyz 0 0 0))
    )
  )

  (module Capacitor_SMD:C_1206_3216Metric_Pad1.42x1.75mm_HandSolder (layer F.Cu) (tedit 5B301BBE) (tstamp 5F4AD82E)
    (at 65.75 73.25 180)
    (descr "Capacitor SMD 1206 (3216 Metric), square (rectangular) end terminal, IPC_7351 nominal with elongated pad for handsoldering. (Body size source: http://www.tortai-tech.com/upload/download/2011102023233369053.pdf), generated with kicad-footprint-generator")
    (tags "capacitor handsolder")
    (path /5F4280A7/5F52FA52)
    (attr smd)
    (fp_text reference C15 (at 0 -1.82 180) (layer F.SilkS)
      (effects (font (size 1 1) (thickness 0.15)))
    )
    (fp_text value 10uF (at 0 1.82 180) (layer F.Fab)
      (effects (font (size 1 1) (thickness 0.15)))
    )
    (fp_line (start -1.6 0.8) (end -1.6 -0.8) (layer F.Fab) (width 0.1))
    (fp_line (start -1.6 -0.8) (end 1.6 -0.8) (layer F.Fab) (width 0.1))
    (fp_line (start 1.6 -0.8) (end 1.6 0.8) (layer F.Fab) (width 0.1))
    (fp_line (start 1.6 0.8) (end -1.6 0.8) (layer F.Fab) (width 0.1))
    (fp_line (start -0.602064 -0.91) (end 0.602064 -0.91) (layer F.SilkS) (width 0.12))
    (fp_line (start -0.602064 0.91) (end 0.602064 0.91) (layer F.SilkS) (width 0.12))
    (fp_line (start -2.45 1.12) (end -2.45 -1.12) (layer F.CrtYd) (width 0.05))
    (fp_line (start -2.45 -1.12) (end 2.45 -1.12) (layer F.CrtYd) (width 0.05))
    (fp_line (start 2.45 -1.12) (end 2.45 1.12) (layer F.CrtYd) (width 0.05))
    (fp_line (start 2.45 1.12) (end -2.45 1.12) (layer F.CrtYd) (width 0.05))
    (fp_text user %R (at 0 0 180) (layer F.Fab)
      (effects (font (size 0.8 0.8) (thickness 0.12)))
    )
    (pad 1 smd roundrect (at -1.4875 0 180) (size 1.425 1.75) (layers F.Cu F.Paste F.Mask) (roundrect_rratio 0.175439)
      (net 99 "Net-(C14-Pad1)"))
    (pad 2 smd roundrect (at 1.4875 0 180) (size 1.425 1.75) (layers F.Cu F.Paste F.Mask) (roundrect_rratio 0.175439)
      (net 7 GND))
    (model ${KISYS3DMOD}/Capacitor_SMD.3dshapes/C_1206_3216Metric.wrl
      (at (xyz 0 0 0))
      (scale (xyz 1 1 1))
      (rotate (xyz 0 0 0))
    )
  )

  (module Capacitor_SMD:C_1206_3216Metric_Pad1.42x1.75mm_HandSolder (layer F.Cu) (tedit 5B301BBE) (tstamp 5F4AD81E)
    (at 76 57.2625 90)
    (descr "Capacitor SMD 1206 (3216 Metric), square (rectangular) end terminal, IPC_7351 nominal with elongated pad for handsoldering. (Body size source: http://www.tortai-tech.com/upload/download/2011102023233369053.pdf), generated with kicad-footprint-generator")
    (tags "capacitor handsolder")
    (path /5F4280A7/5F52E90A)
    (attr smd)
    (fp_text reference C18 (at 0 -1.82 90) (layer F.SilkS)
      (effects (font (size 1 1) (thickness 0.15)))
    )
    (fp_text value 10uF (at 0 1.82 90) (layer F.Fab)
      (effects (font (size 1 1) (thickness 0.15)))
    )
    (fp_text user %R (at 0 0 90) (layer F.Fab)
      (effects (font (size 0.8 0.8) (thickness 0.12)))
    )
    (fp_line (start 2.45 1.12) (end -2.45 1.12) (layer F.CrtYd) (width 0.05))
    (fp_line (start 2.45 -1.12) (end 2.45 1.12) (layer F.CrtYd) (width 0.05))
    (fp_line (start -2.45 -1.12) (end 2.45 -1.12) (layer F.CrtYd) (width 0.05))
    (fp_line (start -2.45 1.12) (end -2.45 -1.12) (layer F.CrtYd) (width 0.05))
    (fp_line (start -0.602064 0.91) (end 0.602064 0.91) (layer F.SilkS) (width 0.12))
    (fp_line (start -0.602064 -0.91) (end 0.602064 -0.91) (layer F.SilkS) (width 0.12))
    (fp_line (start 1.6 0.8) (end -1.6 0.8) (layer F.Fab) (width 0.1))
    (fp_line (start 1.6 -0.8) (end 1.6 0.8) (layer F.Fab) (width 0.1))
    (fp_line (start -1.6 -0.8) (end 1.6 -0.8) (layer F.Fab) (width 0.1))
    (fp_line (start -1.6 0.8) (end -1.6 -0.8) (layer F.Fab) (width 0.1))
    (pad 2 smd roundrect (at 1.4875 0 90) (size 1.425 1.75) (layers F.Cu F.Paste F.Mask) (roundrect_rratio 0.175439)
      (net 7 GND))
    (pad 1 smd roundrect (at -1.4875 0 90) (size 1.425 1.75) (layers F.Cu F.Paste F.Mask) (roundrect_rratio 0.175439)
      (net 101 /meter_1/1.8VDD))
    (model ${KISYS3DMOD}/Capacitor_SMD.3dshapes/C_1206_3216Metric.wrl
      (at (xyz 0 0 0))
      (scale (xyz 1 1 1))
      (rotate (xyz 0 0 0))
    )
  )

  (module Capacitor_SMD:C_1206_3216Metric_Pad1.42x1.75mm_HandSolder (layer F.Cu) (tedit 5B301BBE) (tstamp 5F4B4C66)
    (at 72 57.25 90)
    (descr "Capacitor SMD 1206 (3216 Metric), square (rectangular) end terminal, IPC_7351 nominal with elongated pad for handsoldering. (Body size source: http://www.tortai-tech.com/upload/download/2011102023233369053.pdf), generated with kicad-footprint-generator")
    (tags "capacitor handsolder")
    (path /5F53F374/5F62393C)
    (attr smd)
    (fp_text reference C37 (at 0 -1.82 90) (layer F.SilkS)
      (effects (font (size 1 1) (thickness 0.15)))
    )
    (fp_text value 10uF (at 0 1.82 90) (layer F.Fab)
      (effects (font (size 1 1) (thickness 0.15)))
    )
    (fp_line (start -1.6 0.8) (end -1.6 -0.8) (layer F.Fab) (width 0.1))
    (fp_line (start -1.6 -0.8) (end 1.6 -0.8) (layer F.Fab) (width 0.1))
    (fp_line (start 1.6 -0.8) (end 1.6 0.8) (layer F.Fab) (width 0.1))
    (fp_line (start 1.6 0.8) (end -1.6 0.8) (layer F.Fab) (width 0.1))
    (fp_line (start -0.602064 -0.91) (end 0.602064 -0.91) (layer F.SilkS) (width 0.12))
    (fp_line (start -0.602064 0.91) (end 0.602064 0.91) (layer F.SilkS) (width 0.12))
    (fp_line (start -2.45 1.12) (end -2.45 -1.12) (layer F.CrtYd) (width 0.05))
    (fp_line (start -2.45 -1.12) (end 2.45 -1.12) (layer F.CrtYd) (width 0.05))
    (fp_line (start 2.45 -1.12) (end 2.45 1.12) (layer F.CrtYd) (width 0.05))
    (fp_line (start 2.45 1.12) (end -2.45 1.12) (layer F.CrtYd) (width 0.05))
    (fp_text user %R (at 0 0 90) (layer F.Fab)
      (effects (font (size 0.8 0.8) (thickness 0.12)))
    )
    (pad 1 smd roundrect (at -1.4875 0 90) (size 1.425 1.75) (layers F.Cu F.Paste F.Mask) (roundrect_rratio 0.175439)
      (net 1 +3V3))
    (pad 2 smd roundrect (at 1.4875 0 90) (size 1.425 1.75) (layers F.Cu F.Paste F.Mask) (roundrect_rratio 0.175439)
      (net 7 GND))
    (model ${KISYS3DMOD}/Capacitor_SMD.3dshapes/C_1206_3216Metric.wrl
      (at (xyz 0 0 0))
      (scale (xyz 1 1 1))
      (rotate (xyz 0 0 0))
    )
  )

  (module Capacitor_THT:CP_Radial_D12.5mm_P5.00mm (layer F.Cu) (tedit 5AE50EF1) (tstamp 5F4AD719)
    (at 52 127)
    (descr "CP, Radial series, Radial, pin pitch=5.00mm, , diameter=12.5mm, Electrolytic Capacitor")
    (tags "CP Radial series Radial pin pitch 5.00mm  diameter 12.5mm Electrolytic Capacitor")
    (path /5F5BC578)
    (fp_text reference C3 (at 2.5 -7.5) (layer F.SilkS)
      (effects (font (size 1 1) (thickness 0.15)))
    )
    (fp_text value CP1 (at 2.5 7.5) (layer F.Fab)
      (effects (font (size 1 1) (thickness 0.15)))
    )
    (fp_text user %R (at 2.5 0) (layer F.Fab)
      (effects (font (size 1 1) (thickness 0.15)))
    )
    (fp_line (start -3.692082 -4.2) (end -3.692082 -2.95) (layer F.SilkS) (width 0.12))
    (fp_line (start -4.317082 -3.575) (end -3.067082 -3.575) (layer F.SilkS) (width 0.12))
    (fp_line (start 8.861 -0.317) (end 8.861 0.317) (layer F.SilkS) (width 0.12))
    (fp_line (start 8.821 -0.757) (end 8.821 0.757) (layer F.SilkS) (width 0.12))
    (fp_line (start 8.781 -1.028) (end 8.781 1.028) (layer F.SilkS) (width 0.12))
    (fp_line (start 8.741 -1.241) (end 8.741 1.241) (layer F.SilkS) (width 0.12))
    (fp_line (start 8.701 -1.422) (end 8.701 1.422) (layer F.SilkS) (width 0.12))
    (fp_line (start 8.661 -1.583) (end 8.661 1.583) (layer F.SilkS) (width 0.12))
    (fp_line (start 8.621 -1.728) (end 8.621 1.728) (layer F.SilkS) (width 0.12))
    (fp_line (start 8.581 -1.861) (end 8.581 1.861) (layer F.SilkS) (width 0.12))
    (fp_line (start 8.541 -1.984) (end 8.541 1.984) (layer F.SilkS) (width 0.12))
    (fp_line (start 8.501 -2.1) (end 8.501 2.1) (layer F.SilkS) (width 0.12))
    (fp_line (start 8.461 -2.209) (end 8.461 2.209) (layer F.SilkS) (width 0.12))
    (fp_line (start 8.421 -2.312) (end 8.421 2.312) (layer F.SilkS) (width 0.12))
    (fp_line (start 8.381 -2.41) (end 8.381 2.41) (layer F.SilkS) (width 0.12))
    (fp_line (start 8.341 -2.504) (end 8.341 2.504) (layer F.SilkS) (width 0.12))
    (fp_line (start 8.301 -2.594) (end 8.301 2.594) (layer F.SilkS) (width 0.12))
    (fp_line (start 8.261 -2.681) (end 8.261 2.681) (layer F.SilkS) (width 0.12))
    (fp_line (start 8.221 -2.764) (end 8.221 2.764) (layer F.SilkS) (width 0.12))
    (fp_line (start 8.181 -2.844) (end 8.181 2.844) (layer F.SilkS) (width 0.12))
    (fp_line (start 8.141 -2.921) (end 8.141 2.921) (layer F.SilkS) (width 0.12))
    (fp_line (start 8.101 -2.996) (end 8.101 2.996) (layer F.SilkS) (width 0.12))
    (fp_line (start 8.061 -3.069) (end 8.061 3.069) (layer F.SilkS) (width 0.12))
    (fp_line (start 8.021 -3.14) (end 8.021 3.14) (layer F.SilkS) (width 0.12))
    (fp_line (start 7.981 -3.208) (end 7.981 3.208) (layer F.SilkS) (width 0.12))
    (fp_line (start 7.941 -3.275) (end 7.941 3.275) (layer F.SilkS) (width 0.12))
    (fp_line (start 7.901 -3.339) (end 7.901 3.339) (layer F.SilkS) (width 0.12))
    (fp_line (start 7.861 -3.402) (end 7.861 3.402) (layer F.SilkS) (width 0.12))
    (fp_line (start 7.821 -3.464) (end 7.821 3.464) (layer F.SilkS) (width 0.12))
    (fp_line (start 7.781 -3.524) (end 7.781 3.524) (layer F.SilkS) (width 0.12))
    (fp_line (start 7.741 -3.583) (end 7.741 3.583) (layer F.SilkS) (width 0.12))
    (fp_line (start 7.701 -3.64) (end 7.701 3.64) (layer F.SilkS) (width 0.12))
    (fp_line (start 7.661 -3.696) (end 7.661 3.696) (layer F.SilkS) (width 0.12))
    (fp_line (start 7.621 -3.75) (end 7.621 3.75) (layer F.SilkS) (width 0.12))
    (fp_line (start 7.581 -3.804) (end 7.581 3.804) (layer F.SilkS) (width 0.12))
    (fp_line (start 7.541 -3.856) (end 7.541 3.856) (layer F.SilkS) (width 0.12))
    (fp_line (start 7.501 -3.907) (end 7.501 3.907) (layer F.SilkS) (width 0.12))
    (fp_line (start 7.461 -3.957) (end 7.461 3.957) (layer F.SilkS) (width 0.12))
    (fp_line (start 7.421 -4.007) (end 7.421 4.007) (layer F.SilkS) (width 0.12))
    (fp_line (start 7.381 -4.055) (end 7.381 4.055) (layer F.SilkS) (width 0.12))
    (fp_line (start 7.341 -4.102) (end 7.341 4.102) (layer F.SilkS) (width 0.12))
    (fp_line (start 7.301 -4.148) (end 7.301 4.148) (layer F.SilkS) (width 0.12))
    (fp_line (start 7.261 -4.194) (end 7.261 4.194) (layer F.SilkS) (width 0.12))
    (fp_line (start 7.221 -4.238) (end 7.221 4.238) (layer F.SilkS) (width 0.12))
    (fp_line (start 7.181 -4.282) (end 7.181 4.282) (layer F.SilkS) (width 0.12))
    (fp_line (start 7.141 -4.325) (end 7.141 4.325) (layer F.SilkS) (width 0.12))
    (fp_line (start 7.101 -4.367) (end 7.101 4.367) (layer F.SilkS) (width 0.12))
    (fp_line (start 7.061 -4.408) (end 7.061 4.408) (layer F.SilkS) (width 0.12))
    (fp_line (start 7.021 -4.449) (end 7.021 4.449) (layer F.SilkS) (width 0.12))
    (fp_line (start 6.981 -4.489) (end 6.981 4.489) (layer F.SilkS) (width 0.12))
    (fp_line (start 6.941 -4.528) (end 6.941 4.528) (layer F.SilkS) (width 0.12))
    (fp_line (start 6.901 -4.567) (end 6.901 4.567) (layer F.SilkS) (width 0.12))
    (fp_line (start 6.861 -4.605) (end 6.861 4.605) (layer F.SilkS) (width 0.12))
    (fp_line (start 6.821 -4.642) (end 6.821 4.642) (layer F.SilkS) (width 0.12))
    (fp_line (start 6.781 -4.678) (end 6.781 4.678) (layer F.SilkS) (width 0.12))
    (fp_line (start 6.741 -4.714) (end 6.741 4.714) (layer F.SilkS) (width 0.12))
    (fp_line (start 6.701 -4.75) (end 6.701 4.75) (layer F.SilkS) (width 0.12))
    (fp_line (start 6.661 -4.785) (end 6.661 4.785) (layer F.SilkS) (width 0.12))
    (fp_line (start 6.621 -4.819) (end 6.621 4.819) (layer F.SilkS) (width 0.12))
    (fp_line (start 6.581 -4.852) (end 6.581 4.852) (layer F.SilkS) (width 0.12))
    (fp_line (start 6.541 -4.885) (end 6.541 4.885) (layer F.SilkS) (width 0.12))
    (fp_line (start 6.501 -4.918) (end 6.501 4.918) (layer F.SilkS) (width 0.12))
    (fp_line (start 6.461 -4.95) (end 6.461 4.95) (layer F.SilkS) (width 0.12))
    (fp_line (start 6.421 1.44) (end 6.421 4.982) (layer F.SilkS) (width 0.12))
    (fp_line (start 6.421 -4.982) (end 6.421 -1.44) (layer F.SilkS) (width 0.12))
    (fp_line (start 6.381 1.44) (end 6.381 5.012) (layer F.SilkS) (width 0.12))
    (fp_line (start 6.381 -5.012) (end 6.381 -1.44) (layer F.SilkS) (width 0.12))
    (fp_line (start 6.341 1.44) (end 6.341 5.043) (layer F.SilkS) (width 0.12))
    (fp_line (start 6.341 -5.043) (end 6.341 -1.44) (layer F.SilkS) (width 0.12))
    (fp_line (start 6.301 1.44) (end 6.301 5.073) (layer F.SilkS) (width 0.12))
    (fp_line (start 6.301 -5.073) (end 6.301 -1.44) (layer F.SilkS) (width 0.12))
    (fp_line (start 6.261 1.44) (end 6.261 5.102) (layer F.SilkS) (width 0.12))
    (fp_line (start 6.261 -5.102) (end 6.261 -1.44) (layer F.SilkS) (width 0.12))
    (fp_line (start 6.221 1.44) (end 6.221 5.131) (layer F.SilkS) (width 0.12))
    (fp_line (start 6.221 -5.131) (end 6.221 -1.44) (layer F.SilkS) (width 0.12))
    (fp_line (start 6.181 1.44) (end 6.181 5.16) (layer F.SilkS) (width 0.12))
    (fp_line (start 6.181 -5.16) (end 6.181 -1.44) (layer F.SilkS) (width 0.12))
    (fp_line (start 6.141 1.44) (end 6.141 5.188) (layer F.SilkS) (width 0.12))
    (fp_line (start 6.141 -5.188) (end 6.141 -1.44) (layer F.SilkS) (width 0.12))
    (fp_line (start 6.101 1.44) (end 6.101 5.216) (layer F.SilkS) (width 0.12))
